0.952963
0.564693
0.507621
0.801232
0.757484
0.937112
0.514236
0.639322
0.531666
0.376020
0.995200
0.964904
0.288188
0.491737
0.754650
0.481529
0.489424
0.437266
0.930574
0.053302
0.198243
0.593687
0.959208
0.023668
0.002238
0.197239
0.602282
0.119206
0.177205
0.645965
0.412815
0.352469
0.994633
0.881523
0.365939
0.376591
0.720368
0.791718
0.742670
0.831772
0.391518
0.561675
0.882229
0.048960
0.935411
0.909217
0.132185
0.664943
0.707291
0.027628
0.527004
0.011023
0.338711
0.087675
0.037273
0.519871
0.629124
0.953847
0.349380
0.047206
0.219719
0.666839
0.898941
0.784059
0.975209
0.300399
0.880016
0.189071
0.327052
0.011130
0.658185
0.194893
0.428170
0.365846
0.952963
0.172349
0.084381
0.247909
0.122480
0.493835
0.809869
0.585586
0.638373
0.609480
0.751353
0.751581
0.849404
0.587345
0.817444
0.301870
0.297069
0.882229
0.235443
0.273137
0.245096
0.309466
0.431466
0.944533
0.632561
0.632443
0.254763
0.147147
0.195302
0.099330
0.188048
0.545395
0.765604
0.060720
0.056415
0.227210
0.306974
0.605702
0.784278
0.068220
0.271468
0.388406
0.381750
0.851253
0.274967
0.199727
0.167450
0.002584
0.152730
0.864504
0.438931
0.393470
0.325324
0.169989
0.864223
0.842418
0.185736
0.946340
0.219654
0.436539
0.871079
0.343167
0.594981
0.102661
0.237350
0.760311
0.980381
0.895708
0.054570
0.646677
0.577977
0.089454
0.002202
0.365846
0.827895
0.584648
0.796816
0.212989
0.156048
0.850183
0.610779
0.776879
0.136067
0.330268
0.265537
0.239337
0.861591
0.833800
0.669327
0.327659
0.470234
0.710919
0.931800
0.007970
0.594745
0.602517
0.094827
0.635289
0.343973
0.937696
0.468939
0.549653
0.822437
0.025862
0.843607
0.841424
0.463670
0.429507
0.123311
0.954667
0.142590
0.258536
0.605820
0.354203
0.333241
0.291047
0.038893
0.895875
0.677613
0.445521
0.482731
0.646559
0.745762
0.522244
0.482076
0.451317
0.782628
0.459391
0.351559
0.247133
0.972037
0.669327
0.757031
0.287477
0.596510
0.606292
0.873997
0.446993
0.090415
0.819322
0.213868
0.747248
0.868225
0.290569
0.652965
0.241129
0.473804
0.984429
0.827895
0.156486
0.534744
0.636000
0.047441
0.642287
0.547810
0.942073
0.976154
0.269807
0.891580
0.694019
0.134991
0.610188
0.269807
0.691781
0.155467
0.702835
0.460245
0.274432
0.591219
0.607000
0.593687
0.069808
0.125269
0.787679
0.488104
0.990321
0.248334
0.627465
0.813564
0.956335
0.232740
0.515924
0.607945
0.879838
0.551151
0.057832
0.141068
0.898694
0.212864
0.163978
0.701192
0.496822
0.099068
0.267404
0.518403
0.562835
0.756011
0.519645
0.178776
0.051586
0.211613
0.389960
0.450260
0.492730
0.482731
0.304661
0.381558
0.350287
0.269581
0.418066
0.773879
0.434257
0.548271
0.348475
0.785377
0.054838
0.404712
0.693665
0.321628
0.587580
0.213617
0.984429
0.029452
0.100518
0.553805
0.200443
0.374217
0.368842
0.265761
0.034419
0.532463
0.385407
0.683759
0.607000
0.361845
0.743816
0.874722
0.893527
0.487774
0.188218
0.218436
0.079165
0.307472
0.316267
0.789319
0.918443
0.617045
0.844299
0.986722
0.571908
0.304744
0.868871
0.213177
0.023017
0.774101
0.881257
0.362216
0.082665
0.565274
0.308717
0.102122
0.666839
0.408101
0.632799
0.560516
0.890217
0.761665
0.157657
0.498708
0.166115
0.156486
0.625095
0.548846
0.704947
0.233279
0.026324
0.195127
0.599571
0.698960
0.351923
0.759181
0.294087
0.929888
0.348927
0.333241
0.559125
0.390933
0.798758
0.319408
0.631850
0.361289
0.444786
0.079703
0.148631
0.264200
0.115183
0.031013
0.190671
0.527004
0.853961
0.379547
0.798111
0.819634
0.561559
0.440182
0.938341
0.158836
0.588049
0.083308
0.280976
0.770645
0.638017
0.163322
0.107350
0.402627
0.546660
0.248334
0.461956
0.142006
0.770980
0.186692
0.436435
0.135335
0.585820
0.962947
0.596981
0.915522
0.906697
0.485908
0.152064
0.435916
0.895458
0.429610
0.447203
0.969506
0.724553
0.452375
0.053980
0.678559
0.193439
0.749417
0.136890
0.670393
0.385600
0.906141
0.991084
0.774880
0.349743
0.529162
0.413419
0.936395
0.939429
0.635763
0.436643
0.887553
0.787788
0.984314
0.955854
0.367155
0.085898
0.200145
0.395919
0.227144
0.929819
0.221913
0.569461
0.700135
0.005002
0.929819
0.127498
0.184672
0.257807
0.855500
0.103646
0.123034
0.982524
0.273594
0.049640
0.367716
0.000023
0.103169
0.944106
0.671696
0.293846
0.873906
0.107631
0.283782
0.557273
0.482403
0.409402
0.260438
0.400745
0.402428
0.981584
0.185680
0.146593
0.987031
0.522697
0.056851
0.525415
0.970872
0.025033
0.645965
0.458538
0.057711
0.752378
0.054112
0.268904
0.628650
0.078550
0.662928
0.443947
0.811772
0.442795
0.956068
0.598158
0.007285
0.543787
0.012004
0.844595
0.478693
0.068338
0.783178
0.398377
0.890388
0.716991
0.874903
0.126440
0.160866
0.961970
0.765267
0.234833
0.708345
0.855788
0.062041
0.404612
0.856650
0.766614
0.849306
0.841126
0.404612
0.675957
0.643830
0.132017
0.184672
0.926617
0.959361
0.686710
0.801125
0.836926
0.136890
0.954667
0.714891
0.620595
0.104948
0.074316
0.775658
0.735427
0.782738
0.512439
0.465710
0.005212
0.085208
0.575874
0.838531
0.235851
0.806258
0.972811
0.342094
0.462170
0.410304
0.286924
0.090325
0.032722
0.765379
0.875446
0.581252
0.205510
0.831365
0.783398
0.838230
0.525302
0.870528
0.447835
0.779979
0.304085
0.183725
0.619056
0.646796
0.675483
0.344152
0.094199
0.224189
0.425401
0.493835
0.106649
0.417357
0.349833
0.308468
0.752150
0.887553
0.525869
0.063169
0.334735
0.141514
0.208636
0.280821
0.937954
0.411910
0.557042
0.137020
0.604758
0.886167
0.111933
0.522697
0.518629
0.573773
0.132017
0.683641
0.516375
0.215193
0.094890
0.043434
0.181677
0.963526
0.395527
0.765491
0.286530
0.271165
0.046756
0.402924
0.732081
0.125954
0.705885
0.835214
0.874360
0.879927
0.039542
0.459284
0.435501
0.119322
0.421928
0.688244
0.065730
0.068432
0.332978
0.414426
0.032437
0.209439
0.605466
0.055127
0.841921
0.055944
0.918888
0.128810
0.362030
0.543213
0.327486
0.599336
0.518403
0.850670
0.009613
0.662928
0.357688
0.601928
0.575290
0.418675
0.346760
0.724901
0.012634
0.228201
0.497376
0.171769
0.107702
0.987209
0.718506
0.020848
0.916050
0.666128
0.629835
0.309883
0.783068
0.010142
0.886341
0.665891
0.533147
0.667076
0.194020
0.376971
0.454920
0.954012
0.494719
0.683641
0.859224
0.271165
0.833598
0.667195
0.493393
0.510307
0.489974
0.713373
0.768743
0.407202
0.645491
0.242793
0.377257
0.970746
0.506726
0.744847
0.891665
0.558431
0.832077
0.069712
0.685176
0.242377
0.454920
0.097992
0.704712
0.567250
0.182228
0.743702
0.604994
0.423663
0.354112
0.306312
0.574357
0.490304
0.036884
0.888243
0.801339
0.515474
0.993368
0.072611
0.490084
0.873270
0.516712
0.840030
0.032699
0.867113
0.083702
0.299097
0.704243
0.984855
0.647271
0.263089
0.163574
0.187935
0.786912
0.815140
0.015187
0.681160
0.669209
0.306643
0.674063
0.167810
0.942817
0.740490
0.308884
0.462170
0.921823
0.542754
0.403321
0.098285
0.202421
0.111315
0.494719
0.378210
0.432498
0.242238
0.869609
0.305734
0.400449
0.151353
0.802090
0.786255
0.990552
0.725133
0.348927
0.012499
0.054589
0.833800
0.813985
0.509523
0.691074
0.608653
0.708462
0.246922
0.627702
0.002208
0.452481
0.533831
0.214877
0.850572
0.848525
0.681041
0.984111
0.204415
0.919627
0.265984
0.200682
0.645965
0.118553
0.495383
0.313315
0.076680
0.288980
0.170930
0.549883
0.015146
0.341915
0.958176
0.137979
0.904785
0.773879
0.047880
0.897455
0.948172
0.490635
0.003464
0.588870
0.850475
0.158491
0.243002
0.762341
0.942322
0.129886
0.202963
0.147563
0.363702
0.251318
0.897621
0.167914
0.513450
0.289774
0.750328
0.901478
0.411809
0.823368
0.481202
0.152159
0.378210
0.369123
0.962898
0.516938
0.595216
0.638847
0.965882
0.123549
0.665417
0.604168
0.182505
0.248475
0.756465
0.680687
0.930300
0.011126
0.562951
0.578912
0.355118
0.391128
0.278653
0.244886
0.956547
0.065165
0.932004
0.056337
0.430847
0.813880
0.099791
0.268378
0.123510
0.965743
0.388019
0.557273
0.827383
0.364074
0.021530
0.871536
0.713373
0.135550
0.704478
0.807110
0.922476
0.289933
0.837227
0.872997
0.108019
0.664469
0.715124
0.343525
0.724901
0.646084
0.908982
0.415133
0.894284
0.283939
0.563416
0.442063
0.043449
0.913776
0.997076
0.953296
0.883723
0.882493
0.431569
0.762003
0.158393
0.988076
0.851931
0.559125
0.174256
0.463992
0.559010
0.152159
0.175484
0.187765
0.335881
0.555538
0.307969
0.591454
0.586055
0.391323
0.144671
0.978331
0.024175
0.060237
0.480547
0.750214
0.530072
0.131178
0.679623
0.194136
0.978190
0.749531
0.052373
0.829225
0.763918
0.582071
0.117027
0.824504
0.525642
0.482294
0.071502
0.633984
0.522810
0.292084
0.507397
0.700722
0.295052
0.970872
0.450049
0.308800
0.146824
0.736119
0.706354
0.845089
0.920802
0.131807
0.883548
0.677849
0.933015
0.246289
0.661031
0.718389
0.546545
0.330704
0.846270
0.476952
0.784938
0.124627
0.500707
0.285271
0.120056
0.326360
0.188275
0.571092
0.048272
0.158688
0.524055
0.663165
0.627939
0.935213
0.307223
0.063828
0.904224
0.590279
0.094890
0.329484
0.175484
0.229463
0.865718
0.188616
0.118246
0.329136
0.607118
0.193091
0.889789
0.917774
0.417560
0.581252
0.664943
0.782077
0.145858
0.021578
0.535543
0.706705
0.546315
0.629598
0.097313
0.521000
0.026569
0.289933
0.423152
0.507509
0.968984
0.092152
0.461849
0.176827
0.059095
0.670275
0.713023
0.608771
0.855020
0.881080
0.432912
0.098415
0.337294
0.056692
0.481529
0.530186
0.261099
0.728842
0.084980
0.004738
0.410504
0.277959
0.170406
0.517727
0.279658
0.214057
0.743358
0.882405
0.575874
0.360733
0.886254
0.029855
0.572024
0.034594
0.483826
0.471747
0.019363
0.417965
0.849696
0.207221
0.660319
0.488543
0.783288
0.047055
0.609007
0.560980
0.630428
0.329484
0.869609
0.810927
0.152396
0.367997
0.720601
0.086158
0.237896
0.788226
0.543099
0.115857
0.444681
0.731156
0.667195
0.844595
0.092675
0.988974
0.157657
0.805832
0.722810
0.188389
0.929475
0.007151
0.674537
0.851253
0.967657
0.038865
0.235443
0.457792
0.658541
0.386760
0.731849
0.176343
0.249610
0.193729
0.308302
0.834609
0.783619
0.135464
0.120873
0.567367
0.571674
0.267553
0.427349
0.282376
0.869793
0.644067
0.765042
0.873452
0.666128
0.902370
0.142231
0.224778
0.974438
0.055748
0.866556
0.087176
0.304167
0.756011
0.782077
0.644186
0.849013
0.964904
0.224843
0.683168
0.173194
0.265017
0.606410
0.131052
0.314831
0.813880
0.553459
0.778098
0.560516
0.145218
0.869609
0.404513
0.484373
0.147655
0.090839
0.945078
0.152396
0.375545
0.442167
0.144443
0.360363
0.480438
0.434671
0.206609
0.918740
0.403321
0.991615
0.845483
0.693901
0.071895
0.881699
0.085409
0.985108
0.994532
0.924132
0.025135
0.757597
0.749645
0.445101
0.827895
0.057973
0.614916
0.480874
0.465387
0.576575
0.436850
0.370157
0.656999
0.485250
0.219976
0.603461
0.030956
0.093201
0.722810
0.887985
0.583125
0.743014
0.447835
0.854057
0.054954
0.002878
0.019450
0.201280
0.934750
0.338800
0.989157
0.108764
0.012046
0.864878
0.471747
0.813564
0.282532
0.092121
0.957497
0.537714
0.004666
0.798435
0.073785
0.250249
0.796816
0.289218
0.447940
0.033567
0.145218
0.520322
0.649762
0.079892
0.408201
0.189755
0.049657
0.340667
0.310133
0.104021
0.731387
0.357781
0.580901
0.948406
0.437682
0.949163
0.051987
0.255124
0.687300
0.409202
0.724088
0.205632
0.568996
0.765941
0.907488
0.963670
0.189470
0.670275
0.679978
0.787241
0.021139
0.019634
0.175752
0.446467
0.328440
0.600160
0.431878
0.951395
0.991901
0.795734
0.600278
0.202361
0.030652
0.948523
0.344691
0.257880
0.929060
0.205449
0.847546
0.769862
0.853286
0.208759
0.317283
0.664706
0.091447
0.617873
0.138680
0.050506
0.682459
0.455983
0.481092
0.958124
0.650355
0.763693
0.854154
0.339866
0.201640
0.044930
0.054074
0.212926
0.144398
0.453117
0.566320
0.288030
0.555654
0.536114
0.164181
0.193497
0.616217
0.207283
0.106195
0.171192
0.113769
0.344601
0.712555
0.277728
0.692959
0.971955
0.694136
0.764030
0.832077
0.867113
0.938982
0.089006
0.529503
0.048426
0.713373
0.437786
0.008633
0.789646
0.832787
0.966434
0.726989
0.316944
0.637661
0.024774
0.123470
0.587462
0.063961
0.180468
0.744389
0.318301
0.192051
0.655219
0.754310
0.856554
0.762792
0.032108
0.997370
0.346129
0.819322
0.569694
0.192051
0.765604
0.110051
0.981615
0.264497
0.752491
0.961624
0.315252
0.198243
0.453541
0.613970
0.142455
0.119979
0.494387
0.767063
0.922404
0.984572
0.704126
0.950429
0.575757
0.302443
0.040302
0.984285
0.375640
0.044579
0.087998
0.555654
0.482513
0.692841
0.739111
0.582188
0.938918
0.879749
0.999948
0.625450
0.874632
0.091814
0.252033
0.703539
0.048238
0.648694
0.401537
0.020210
0.034872
0.400943
0.740719
0.474129
0.221848
0.213742
0.366313
0.607708
0.978994
0.243559
0.376876
0.075747
0.248900
0.511092
0.356494
0.798111
0.866370
0.198125
0.534630
0.720019
0.764143
0.213114
0.292244
0.874813
0.052171
0.517276
0.465817
0.939493
0.443319
0.093855
0.347301
0.881611
0.125671
0.963813
0.065143
0.793566
0.532121
0.677849
0.200204
0.518178
0.837528
0.095554
0.851544
0.056772
0.476952
0.514574
0.149237
0.838831
0.322142
0.189470
0.200383
0.977691
0.155370
0.904465
0.362309
0.092090
0.512663
0.783729
0.482513
0.062343
0.532121
0.129844
0.059487
0.563996
0.796599
0.547695
0.315844
0.771650
0.564229
0.214624
0.649999
0.435916
0.534174
0.969419
0.038392
0.199966
0.023371
0.789100
0.984827
0.436123
0.701427
0.396606
0.860457
0.179866
0.579848
0.166064
0.951734
0.366219
0.034682
0.445521
0.101618
0.942135
0.840229
0.049430
0.642169
0.985604
0.238787
0.237965
0.034096
0.384539
0.579029
0.979610
0.607236
0.101117
0.818279
0.952686
0.394351
0.098187
0.768967
0.988364
0.452058
0.631613
0.849013
0.471855
0.383576
0.827793
0.372514
0.836423
0.306395
0.858654
0.766614
0.808810
0.743816
0.596981
0.427554
0.409802
0.986382
0.567715
0.972446
0.528708
0.930300
0.783729
