0.000000
0.000000
0.000000
0.000000
0.000000
0.000000
0.000000
0.000000
0.696977
0.703112
0.799783
0.257899
0.245685
0.074795
0.566090
0.679213
0.000000
0.000000
0.000000
0.000000
0.000000
0.000000
0.000000
0.000000
0.250927
0.430228
0.311931
0.469259
0.295557
0.799649
0.881050
0.593030
0.000000
0.000000
0.000000
0.000000
0.000000
0.000000
0.000000
0.000000
0.895382
0.885671
0.328452
0.113893
0.699986
0.677237
0.531525
0.430530
0.000000
0.000000
0.000000
0.000000
0.000000
0.000000
0.000000
0.000000
0.000000
0.000000
0.000000
0.000000
0.000000
0.000000
0.000000
0.000000
0.261354
0.518313
0.868246
0.750330
0.479567
0.303954
0.744539
0.182654
0.000000
0.000000
0.000000
0.000000
0.000000
0.000000
0.000000
0.000000
