0.000000
0.000000
0.000000
0.000000
0.000000
0.000000
0.000000
0.000000
0.000000
0.000000
0.000000
0.000000
0.000000
0.000000
0.000000
0.000000
0.000000
0.000000
0.390955
0.319096
0.329518
0.292082
0.122713
0.173442
0.666165
0.950655
0.391173
0.403124
0.536020
0.296028
0.460921
0.582165
0.481102
0.668588
0.942637
0.958534
0.000000
0.000000
0.000000
0.000000
0.000000
0.000000
0.000000
0.000000
0.000000
0.000000
0.000000
0.000000
0.000000
0.000000
0.000000
0.000000
0.000000
0.000000
0.701054
0.735810
0.520099
0.440490
0.499765
0.456665
0.723387
0.823417
0.531460
0.217519
0.269102
0.352313
0.262713
0.241277
0.281667
0.187834
0.116827
0.125738
0.000000
0.000000
0.000000
0.000000
0.000000
0.000000
0.000000
0.000000
0.000000
0.000000
0.000000
0.000000
0.000000
0.000000
0.000000
0.000000
0.000000
0.000000
0.421595
0.527635
0.474314
0.417175
0.504669
0.655967
0.467828
0.275115
0.563125
0.221281
0.154103
0.087152
0.048237
0.076447
0.043563
0.011244
0.038185
0.143827
0.000000
0.000000
0.000000
0.000000
0.000000
0.000000
0.000000
0.000000
0.000000
0.000000
0.000000
0.000000
0.000000
0.000000
0.000000
0.000000
0.000000
0.000000
0.000000
0.000000
0.000000
0.000000
0.000000
0.000000
0.000000
0.000000
0.000000
0.000000
0.000000
0.000000
0.000000
0.000000
0.000000
0.000000
0.000000
0.000000
0.394928
0.542790
0.483655
0.407025
0.512629
0.559673
0.482211
0.604160
0.888420
0.160607
0.292316
0.393471
0.438793
0.574652
0.392816
0.326784
0.451147
0.693041
0.000000
0.000000
0.000000
0.000000
0.000000
0.000000
0.000000
0.000000
0.000000
0.000000
0.000000
0.000000
0.000000
0.000000
0.000000
0.000000
0.000000
0.000000
